Strike                   Symbol                   Last                     Chg                      Bid                      Ask                      Vol                      Open Int                 

450.00                   AAPL7140228C00450000     75.34                     8.13                    73.40                    77.45                    3                        2                        
460.00                   AAPL140228C00460000      81.18                     0.00                    64.45                    66.30                    10                       17                       
470.00                   AAPL140228C00470000      56.71                     22.58                   54.45                    56.40                    10                       41                       
470.00                   AAPL7140228C00470000     70.00                     0.00                    53.20                    57.50                    2                        2                        
475.00                   AAPL140228C00475000      74.18                     0.00                    49.25                    51.30                    17                       18                       
475.00                   AAPL7140228C00475000     56.70                     0.00                    48.60                    52.55                    1                        11                       
480.00                   AAPL140228C00480000      51.56                     0.00                    44.25                    46.30                    2                        60                       
480.00                   AAPL7140228C00480000     50.67                     0.00                    43.20                    47.60                    1                        1                        
485.00                   AAPL140228C00485000      44.75                     0.00                    39.35                    41.30                    6                        23                       
485.00                   AAPL7140228C00485000     51.20                     0.00                    38.65                    42.60                    4                        2                        
487.50                   AAPL140228C00487500      41.65                     0.00                    36.80                    38.80                    1                        6                        
490.00                   AAPL140228C00490000      35.61                     7.78                    34.70                    35.85                    11                       1,306                    
490.00                   AAPL7140228C00490000     48.00                     0.00                    34.15                    37.65                    12                       6                        
492.50                   AAPL140228C00492500      33.12                     10.28                   32.35                    33.40                    9                        37                       
495.00                   AAPL140228C00495000      36.25                     0.00                    29.80                    31.30                    2                        85                       
495.00                   AAPL7140228C00495000     32.98                     5.08                    28.35                    32.60                    2                        5                        
497.50                   AAPL140228C00497500      34.07                     0.00                    27.40                    28.50                    1                        56                       
497.50                   AAPL7140228C00497500     45.30                     0.00                    26.05                    30.30                    2                        41                       
500.00                   AAPL140228C00500000      25.65                     5.95                    25.40                    26.10                    255                      935                      
500.00                   AAPL7140228C00500000     49.30                     0.00                    23.60                    27.75                    8                        20                       
502.50                   AAPL140228C00502500      25.80                     15.06                   22.85                    23.65                    3                        81                       
502.50                   AAPL7140228C00502500     38.30                     0.00                    21.10                    25.30                    10                       22                       
505.00                   AAPL140228C00505000      21.00                     5.70                    20.75                    21.30                    39                       759                      
505.00                   AAPL7140228C00505000     44.80                     0.00                    19.30                    23.00                    1                        12                       
507.50                   AAPL140228C00507500      19.50                     6.10                    18.35                    19.05                    8                        194                      
507.50                   AAPL7140228C00507500     20.00                     10.30                   17.10                    20.65                    2                        1                        
510.00                   AAPL140228C00510000      16.85                     5.65                    16.45                    16.80                    153                      435                      
510.00                   AAPL7140228C00510000     16.90                     3.40                    15.10                    18.55                    7                        61                       
512.50                   AAPL140228C00512500      14.39                     5.11                    14.10                    14.75                    57                       182                      
512.50                   AAPL7140228C00512500     8.50                      0.00                    13.30                    15.95                    5                        5                        
515.00                   AAPL140228C00515000      12.40                     5.54                    12.30                    12.75                    326                      663                      
515.00                   AAPL7140228C00515000     28.13                     0.00                    11.35                    14.00                    3                        28                       
517.50                   AAPL140228C00517500      10.70                     4.85                    10.55                    10.80                    120                      204                      
517.50                   AAPL7140228C00517500     21.15                     0.00                    8.95                     12.70                    2                        19                       
520.00                   AAPL140228C00520000      9.00                      4.90                    8.80                     9.10                     1,441                    927                      
520.00                   AAPL7140228C00520000     10.80                     7.54                    8.00                     10.95                    8                        58                       
522.50                   AAPL140228C00522500      7.26                      4.33                    7.35                     7.55                     555                      514                      
522.50                   AAPL7140228C00522500     9.50                      3.05                    6.05                     9.50                     5                        16                       
525.00                   AAPL140228C00525000      6.10                      3.90                    6.00                     6.15                     3,571                    994                      
525.00                   AAPL7140228C00525000     6.00                      5.50                    5.50                     7.25                     76                       58                       
527.50                   AAPL140228C00527500      4.85                      3.65                    4.80                     5.00                     2,975                    432                      
527.50                   AAPL7140228C00527500     5.00                      2.75                    4.20                     5.50                     12                       20                       
530.00                   AAPL140228C00530000      3.90                      2.95                    3.85                     4.00                     8,030                    2,393                    
530.00                   AAPL7140228C00530000     3.50                      3.70                    3.10                     4.25                     66                       127                      
532.50                   AAPL140228C00532500      3.05                      2.65                    2.96                     3.15                     3,230                    1,030                    
532.50                   AAPL7140228C00532500     2.70                      3.30                    2.10                     3.10                     14                       31                       
535.00                   AAPL140228C00535000      2.30                      2.25                    2.30                     2.35                     4,191                    2,238                    
535.00                   AAPL7140228C00535000     2.25                      1.95                    0.30                     2.40                     25                       95                       
537.50                   AAPL140228C00537500      1.79                      1.89                    1.71                     1.85                     1,403                    1,187                    
537.50                   AAPL7140228C00537500     2.20                      3.34                    0.72                     2.51                     10                       21                       
540.00                   AAPL140228C00540000      1.30                      1.58                    1.34                     1.40                     5,635                    4,849                    
540.00                   AAPL7140228C00540000     1.70                      1.15                    0.70                     2.87                     81                       219                      
542.50                   AAPL140228C00542500      1.00                      1.24                    0.97                     1.03                     1,223                    827                      
542.50                   AAPL7140228C00542500     11.25                     0.00                    0.32                     4.00                     6                        23                       
545.00                   AAPL140228C00545000      0.75                      0.95                    0.71                     0.75                     4,533                    4,633                    
545.00                   AAPL7140228C00545000     0.70                      1.42                    0.64                     0.80                     12                       199                      
547.50                   AAPL140228C00547500      0.60                      0.70                    0.55                     0.63                     1,624                    825                      
547.50                   AAPL7140228C00547500     0.80                      0.55                    0.46                     0.71                     13                       24                       
550.00                   AAPL140228C00550000      0.50                      0.50                    0.46                     0.51                     2,998                    6,031                    
550.00                   AAPL7140228C00550000     0.40                      0.50                    0.40                     0.58                     33                       234                      
552.50                   AAPL140228C00552500      0.38                      0.39                    0.36                     0.43                     1,042                    1,304                    
552.50                   AAPL7140228C00552500     0.80                      0.09                    0.23                     0.43                     18                       48                       
555.00                   AAPL140228C00555000      0.31                      0.29                    0.27                     0.33                     1,875                    2,488                    
555.00                   AAPL7140228C00555000     0.44                      0.19                    0.16                     0.42                     1                        192                      
557.50                   AAPL140228C00557500      0.22                      0.24                    0.23                     0.30                     257                      550                      
557.50                   AAPL7140228C00557500     0.48                      0.00                    0.12                     0.29                     6                        31                       
560.00                   AAPL140228C00560000      0.24                      0.14                    0.19                     0.24                     926                      2,367                    
560.00                   AAPL7140228C00560000     0.23                      0.24                    0.08                     0.26                     5                        128                      
562.50                   AAPL140228C00562500      0.19                      0.11                    0.05                     0.19                     64                       587                      
562.50                   AAPL7140228C00562500     0.70                      0.00                    0.06                     0.24                     15                       22                       
565.00                   AAPL140228C00565000      0.17                      0.09                    0.14                     0.17                     394                      1,651                    
565.00                   AAPL7140228C00565000     0.19                      1.28                    0.03                     0.22                     2                        62                       
567.50                   AAPL140228C00567500      0.14                      0.06                    0.12                     0.15                     37                       471                      
570.00                   AAPL140228C00570000      0.13                      0.04                    0.10                     0.12                     550                      1,491                    
570.00                   AAPL7140228C00570000     0.20                      0.29                    0.05                     0.19                     1                        37                       
572.50                   AAPL140228C00572500      0.11                      0.08                    0.09                     0.11                     36                       371                      
575.00                   AAPL140228C00575000      0.09                      0.04                    0.07                     0.13                     175                      1,039                    
575.00                   AAPL7140228C00575000     0.66                      0.00                    N/A                      0.21                     1                        15                       
577.50                   AAPL140228C00577500      0.09                      0.02                    0.07                     0.14                     31                       316                      
580.00                   AAPL140228C00580000      0.09                      0.05                    0.07                     0.09                     386                      767                      
580.00                   AAPL7140228C00580000     8.05                      0.00                    N/A                      0.15                     10                       10                       
582.50                   AAPL140228C00582500      0.07                      0.06                    0.06                     0.14                     18                       65                       
585.00                   AAPL140228C00585000      0.07                      0.05                    0.06                     0.15                     84                       390                      
585.00                   AAPL7140228C00585000     8.00                      0.00                    N/A                      0.20                     1                        15                       
590.00                   AAPL140228C00590000      0.07                      0.00                    0.05                     0.07                     721                      405                      
590.00                   AAPL7140228C00590000     6.20                      0.00                    N/A                      0.47                     6                        18                       
592.50                   AAPL140228C00592500      0.05                      0.05                    0.03                     0.06                     50                       25                       
595.00                   AAPL140228C00595000      0.05                      0.04                    0.04                     0.05                     671                      172                      
595.00                   AAPL7140228C00595000     4.95                      0.00                    N/A                      0.46                     10                       10                       
597.50                   AAPL140228C00597500      0.05                      0.05                    0.02                     0.07                     73                       11                       
600.00                   AAPL140228C00600000      0.04                      0.00                    0.04                     0.05                     424                      791                      
600.00                   AAPL7140228C00600000     4.75                      0.00                    N/A                      0.50                     1                        11                       
610.00                   AAPL140228C00610000      0.04                      0.01                    N/A                      0.04                     396                      221                      
610.00                   AAPL7140228C00610000     0.39                      0.00                    N/A                      0.45                     0                        20                       
620.00                   AAPL140228C00620000      0.02                      0.03                    N/A                      0.05                     707                      215                      
620.00                   AAPL7140228C00620000     0.35                      0.00                    N/A                      0.50                     12                       12                       
630.00                   AAPL140228C00630000      0.03                      0.01                    N/A                      0.04                     713                      307                      
630.00                   AAPL7140228C00630000     0.25                      0.00                    N/A                      0.43                     10                       28                       
640.00                   AAPL140228C00640000      0.02                      0.03                    N/A                      0.04                     659                      89                       
640.00                   AAPL7140228C00640000     1.24                      0.00                    N/A                      0.43                     10                       10                       
